240555245
240628850
246603479
246560636
246541090
240532293
250383335
276349101
237105974
237122630
237174691
238120160
237071679
238059992
240191993
723910294
723931301
257669475
240566589
246616291
240543396
251441042
236838175
236840397
236852150
236845936
267729486
236838880
236837888
254811212
254809344
240327677
249620855
252622739
248438836
247849105
251483242
251142779
252514660
254773401
254805534
254804174
254514145
256372517
257045358
262059045
259688895
261974011
263818876
264903792
266199151
275677538
276515849
296148269
296174810
296990157
297063547
298130605
303757066
317845887
320965294
322180093
355296717
355550416
355702697
360196190
393944005
409594684
429623768
491736529
500272650
500296265
500306180
515392423
534326497
534424259
554944735
567888961
569652634
572637250
572586006
572662796
627818765
695192073
709061596
714591163
718680377
741741850
742396783
793484698
798137333
800879268
802582550
802620978
836211785
845354696
850203897
851019499
871158384
864604179
872716038
881768055
891989032
918378667
927223041
933536587
937897527
941099913
942448154
958969567
967676633
1008339417
978487695
985311965
989166086
998398692
993767098
1010442699
1015064383
1010559889
1010719230
1010695844
1010607984
1010690299
1047077575
1047151414
1047451764
1063491222
1072583718
1074653167
1209361195
1128987913
1135755275
1198503156
1209219808
1250939304
1255469782
1255520101
1257638689
1256003202
1260498055
1261601308
1336588104
1411322226
1413757168
1422878020
1480342736
1542846697
1542894991
1554772607
1574644500
1582272560
1586518911
1586539572
1586597726
1590678806
1589940325
1589895294
1589975607
1596729668
1630412308
1632996131
1649172047
1721839785
1745939620
1755571420
1823242949
1761743778
1768283205
1774910931
1831180199
1831203549
1831217427
1831233762
1849356454
